#	BH_mass		phi	phi_max		phi_min
9.739716150120778 -6.085876004951151 -5.694999579392643 -6.666818886472036
9.245009794142742 -4.662432552605958 -4.408914472498269 -4.9898934060783695
8.74465528222754 -3.7566245658731137 -3.5876125124679796 -3.9995793926429717
8.245093915614149 -3.199403939288328 -3.051554444618016 -3.357888791414799
7.732337495343274 -2.84295723024046 -2.684472378113989 -3.0119332315864082
7.247148882987033 -2.6025620996719208 -2.4547126050016144 -2.771610205136214
6.741747082787545 -2.4784709119969217 -2.3305853652674418 -2.626356458726398
6.236561594943093 -2.4494490043622945 -2.2487471909437153 -2.576171992356961

