# redshift=     0.100000
#          MF max                   MF min
      5.77500   0.00522167      5.77500   0.00413625
      5.92500   0.00479097      5.92500   0.00392744
      6.07500   0.00500618      6.07500   0.00425200
      6.22500   0.00518780      6.22500   0.00467435
      6.37500   0.00510739      6.37500   0.00481233
      6.52500   0.00503930      6.52500   0.00476287
      6.67500   0.00486237      6.67500   0.00470984
      6.82500   0.00463976      6.82500   0.00446900
      6.97500   0.00439575      6.97500   0.00427646
      7.12500   0.00411809      7.12500   0.00400869
      7.27500   0.00380953      7.27500   0.00373200
      7.42500   0.00347994      7.42500   0.00343183
      7.57500   0.00314789      7.57500   0.00310362
      7.72500   0.00278323      7.72500   0.00275521
      7.87500   0.00240484      7.87500   0.00237957
      8.02500   0.00201162      8.02500   0.00199584
      8.17500   0.00161864      8.17500   0.00160751
      8.32500   0.00123973      8.32500   0.00123376
      8.47500  0.000895186      8.47500  0.000892367
      8.62500  0.000603021      8.62500  0.000601438
      8.77500  0.000374383      8.77500  0.000372753
      8.92500  0.000211681      8.92500  0.000210272
      9.07500  0.000107671      9.07500  0.000106587
      9.22500  4.87225e-05      9.22500  4.80599e-05
      9.37500  1.94172e-05      9.37500  1.90837e-05
      9.52500  6.74871e-06      9.52500  6.61135e-06
      9.67500  2.02790e-06      9.67500  1.98151e-06
      9.82500  5.22586e-07      9.82500  5.09933e-07
      9.97500  1.14682e-07      9.97500  1.11794e-07
      10.1250  2.97000e-08      10.1250  2.97000e-08
# redshift=     0.300000
#          MF max                   MF min
      5.77500   0.00198793      5.77500   0.00161733
      5.92500   0.00196246      5.92500   0.00167243
      6.07500   0.00219917      6.07500   0.00167772
      6.22500   0.00248150      6.22500   0.00193407
      6.37500   0.00278477      6.37500   0.00232678
      6.52500   0.00303108      6.52500   0.00270812
      6.67500   0.00318899      6.67500   0.00290606
      6.82500   0.00346023      6.82500   0.00309586
      6.97500   0.00339293      6.97500   0.00305793
      7.12500   0.00331412      7.12500   0.00306236
      7.27500   0.00307199      7.27500   0.00298110
      7.42500   0.00298779      7.42500   0.00281708
      7.57500   0.00277449      7.57500   0.00262267
      7.72500   0.00248476      7.72500   0.00236639
      7.87500   0.00218243      7.87500   0.00209184
      8.02500   0.00183733      8.02500   0.00176935
      8.17500   0.00149151      8.17500   0.00144932
      8.32500   0.00114649      8.32500   0.00112445
      8.47500  0.000830830      8.47500  0.000819036
      8.62500  0.000560460      8.62500  0.000552882
      8.77500  0.000349437      8.77500  0.000343130
      8.92500  0.000198671      8.92500  0.000193395
      9.07500  0.000101536      9.07500  9.77232e-05
      9.22500  4.62546e-05      9.22500  4.37321e-05
      9.37500  1.85187e-05      9.37500  1.72183e-05
      9.52500  6.47657e-06      9.52500  5.92713e-06
      9.67500  1.95498e-06      9.67500  1.77049e-06
      9.82500  5.06344e-07      9.82500  4.54886e-07
      9.97500  1.11541e-07      9.97500  1.00011e-07
      10.1250  2.97000e-08      10.1250  2.97000e-08
# redshift=     0.600000
#          MF max                   MF min
      5.77500  0.000966443      5.77500  0.000680818
      5.92500  0.000993112      5.92500  0.000741770
      6.07500   0.00103303      6.07500  0.000803489
      6.22500   0.00115417      6.22500  0.000920331
      6.37500   0.00132605      6.37500   0.00116577
      6.52500   0.00153535      6.52500   0.00129672
      6.67500   0.00182353      6.67500   0.00146411
      6.82500   0.00210217      6.82500   0.00177566
      6.97500   0.00226776      6.97500   0.00190807
      7.12500   0.00235125      7.12500   0.00208254
      7.27500   0.00236260      7.27500   0.00213349
      7.42500   0.00235351      7.42500   0.00209887
      7.57500   0.00227458      7.57500   0.00202313
      7.72500   0.00206661      7.72500   0.00186620
      7.87500   0.00188439      7.87500   0.00169294
      8.02500   0.00159746      8.02500   0.00144670
      8.17500   0.00131601      8.17500   0.00120618
      8.32500   0.00101093      8.32500  0.000936947
      8.47500  0.000735752      8.47500  0.000690259
      8.62500  0.000490936      8.62500  0.000471157
      8.77500  0.000301089      8.77500  0.000294637
      8.92500  0.000168466      8.92500  0.000166189
      9.07500  8.67174e-05      9.07500  8.23192e-05
      9.22500  3.98742e-05      9.22500  3.60123e-05
      9.37500  1.61359e-05      9.37500  1.38644e-05
      9.52500  5.72475e-06      9.52500  4.67794e-06
      9.67500  1.75146e-06      9.67500  1.37649e-06
      9.82500  4.61954e-07      9.82500  3.50933e-07
      9.97500  1.03041e-07      9.97500  7.70835e-08
      10.1250  2.97000e-08      10.1250  2.97000e-08
# redshift=      1.00000
#          MF max                   MF min
      5.77500  0.000541179      5.77500  0.000312231
      5.92500  0.000584979      5.92500  0.000353588
      6.07500  0.000685461      6.07500  0.000418961
      6.22500  0.000791872      6.22500  0.000501296
      6.37500  0.000916263      6.37500  0.000614031
      6.52500   0.00106411      6.52500  0.000707898
      6.67500   0.00131542      6.67500  0.000893341
      6.82500   0.00158437      6.82500   0.00116741
      6.97500   0.00178097      6.97500   0.00132451
      7.12500   0.00191212      7.12500   0.00146767
      7.27500   0.00193512      7.27500   0.00153574
      7.42500   0.00194499      7.42500   0.00157219
      7.57500   0.00187241      7.57500   0.00155222
      7.72500   0.00171963      7.72500   0.00146353
      7.87500   0.00154375      7.87500   0.00132149
      8.02500   0.00132150      8.02500   0.00114072
      8.17500   0.00107852      8.17500  0.000931219
      8.32500  0.000825049      8.32500  0.000705216
      8.47500  0.000587593      8.47500  0.000498689
      8.62500  0.000385165      8.62500  0.000327183
      8.77500  0.000229447      8.77500  0.000196605
      8.92500  0.000127797      8.92500  0.000101285
      9.07500  6.38468e-05      9.07500  4.71137e-05
      9.22500  2.83916e-05      9.22500  1.98523e-05
      9.37500  1.11229e-05      9.37500  7.56679e-06
      9.52500  3.84242e-06      9.52500  2.64850e-06
      9.67500  1.17699e-06      9.67500  7.95872e-07
      9.82500  3.22417e-07      9.82500  2.00459e-07
      9.97500  7.52971e-08      9.97500  4.36520e-08
      10.1250  2.97000e-08      10.1250  2.97000e-08
# redshift=      1.50000
#          MF max                   MF min
      5.77500  0.000445528      5.77500  0.000202173
      5.92500  0.000494764      5.92500  0.000227702
      6.07500  0.000587407      6.07500  0.000274558
      6.22500  0.000676271      6.22500  0.000335144
      6.37500  0.000778489      6.37500  0.000415664
      6.52500  0.000909236      6.52500  0.000532549
      6.67500   0.00117295      6.67500  0.000720106
      6.82500   0.00143842      6.82500  0.000955076
      6.97500   0.00163286      6.97500   0.00109162
      7.12500   0.00176782      7.12500   0.00120632
      7.27500   0.00182807      7.27500   0.00127568
      7.42500   0.00182149      7.42500   0.00130762
      7.57500   0.00172967      7.57500   0.00128569
      7.72500   0.00156697      7.72500   0.00118600
      7.87500   0.00136441      7.87500   0.00102962
      8.02500   0.00112653      8.02500  0.000838227
      8.17500  0.000845746      8.17500  0.000628132
      8.32500  0.000579742      8.32500  0.000429518
      8.47500  0.000370229      8.47500  0.000269292
      8.62500  0.000219646      8.62500  0.000149587
      8.77500  0.000130393      8.77500  6.16897e-05
      8.92500  7.06112e-05      8.92500  2.26830e-05
      9.07500  3.46836e-05      9.07500  7.90511e-06
      9.22500  1.52511e-05      9.22500  2.63697e-06
      9.37500  5.96863e-06      9.37500  8.70540e-07
      9.52500  2.07941e-06      9.52500  2.86636e-07
      9.67500  6.34873e-07      9.67500  9.43208e-08
      9.82500  1.69145e-07      9.82500  3.00095e-08
      9.97500  3.83027e-08      9.97500  2.97000e-08
      10.1250  2.97000e-08      10.1250  2.97000e-08
# redshift=      2.00000
#          MF max                   MF min
      5.77500  0.000421613      5.77500  0.000159564
      5.92500  0.000468883      5.92500  0.000176870
      6.07500  0.000553248      6.07500  0.000225569
      6.22500  0.000653763      6.22500  0.000296864
      6.37500  0.000774289      6.37500  0.000394312
      6.52500  0.000910478      6.52500  0.000520557
      6.67500   0.00115742      6.67500  0.000698277
      6.82500   0.00141532      6.82500  0.000942678
      6.97500   0.00163942      6.97500   0.00107660
      7.12500   0.00179121      7.12500   0.00116585
      7.27500   0.00189367      7.27500   0.00120409
      7.42500   0.00191609      7.42500   0.00119811
      7.57500   0.00179364      7.57500   0.00110354
      7.72500   0.00154604      7.72500  0.000927997
      7.87500   0.00120678      7.87500  0.000711466
      8.02500  0.000828673      8.02500  0.000499494
      8.17500  0.000475268      8.17500  0.000315568
      8.32500  0.000244495      8.32500  0.000178938
      8.47500  0.000129414      8.47500  6.75271e-05
      8.62500  7.28933e-05      8.62500  1.76748e-05
      8.77500  3.89689e-05      8.77500  4.27887e-06
      8.92500  1.94368e-05      8.92500  1.03775e-06
      9.07500  9.04544e-06      9.07500  2.77336e-07
      9.22500  3.85551e-06      9.22500  8.81968e-08
      9.37500  1.52542e-06      9.37500  3.11472e-08
      9.52500  5.38843e-07      9.52500  2.97000e-08
      9.67500  1.70231e-07      9.67500  2.97000e-08
      9.82500  4.75018e-08      9.82500  2.97000e-08
      9.97500  2.97000e-08      9.97500  2.97000e-08
      10.1250  2.97000e-08      10.1250  2.97000e-08
# redshift=      3.00000
#          MF max                   MF min
      5.77500  0.000410428      5.77500  0.000150791
      5.92500  0.000462407      5.92500  0.000187540
      6.07500  0.000559433      6.07500  0.000255598
      6.22500  0.000685064      6.22500  0.000352207
      6.37500  0.000846678      6.37500  0.000492300
      6.52500   0.00103107      6.52500  0.000686829
      6.67500   0.00127217      6.67500  0.000942409
      6.82500   0.00158094      6.82500   0.00107378
      6.97500   0.00186621      6.97500   0.00109163
      7.12500   0.00212831      7.12500   0.00103118
      7.27500   0.00223849      7.27500  0.000878493
      7.42500   0.00200876      7.42500  0.000662687
      7.57500   0.00148755      7.57500  0.000449455
      7.72500  0.000876927      7.72500  0.000272960
      7.87500  0.000392348      7.87500  0.000146974
      8.02500  0.000147738      8.02500  6.94654e-05
      8.17500  4.68352e-05      8.17500  3.06024e-05
      8.32500  1.73480e-05      8.32500  7.95279e-06
      8.47500  7.56139e-06      8.47500  1.82240e-06
      8.62500  3.35883e-06      8.62500  4.34355e-07
      8.77500  1.52137e-06      8.77500  1.03446e-07
      8.92500  7.03525e-07      8.92500  3.03860e-08
      9.07500  3.14758e-07      9.07500  2.97000e-08
      9.22500  1.38584e-07      9.22500  2.97000e-08
      9.37500  6.77160e-08      9.37500  2.97000e-08
      9.52500  3.18129e-08      9.52500  2.97000e-08
      9.67500  2.97000e-08      9.67500  2.97000e-08
      9.82500  2.97000e-08      9.82500  2.97000e-08
      9.97500  2.97000e-08      9.97500  2.97000e-08
      10.1250  2.97000e-08      10.1250  2.97000e-08
# redshift=      4.00000
#          MF max                   MF min
      5.77500  0.000407243      5.77500  0.000185562
      5.92500  0.000474153      5.92500  0.000239857
      6.07500  0.000593080      6.07500  0.000331270
      6.22500  0.000742584      6.22500  0.000458975
      6.37500  0.000948356      6.37500  0.000633772
      6.52500   0.00117233      6.52500  0.000845150
      6.67500   0.00140570      6.67500  0.000909172
      6.82500   0.00176242      6.82500  0.000851083
      6.97500   0.00209695      6.97500  0.000727040
      7.12500   0.00230471      7.12500  0.000552517
      7.27500   0.00217402      7.27500  0.000373575
      7.42500   0.00165106      7.42500  0.000227387
      7.57500  0.000975370      7.57500  0.000124629
      7.72500  0.000433035      7.72500  6.05906e-05
      7.87500  0.000183391      7.87500  2.65190e-05
      8.02500  6.71912e-05      8.02500  9.67246e-06
      8.17500  2.01328e-05      8.17500  2.91108e-06
      8.32500  4.90762e-06      8.32500  1.00537e-06
      8.47500  1.02718e-06      8.47500  2.78512e-07
      8.62500  5.20374e-07      8.62500  6.62674e-08
      8.77500  2.93248e-07      8.77500  2.97000e-08
      8.92500  1.74541e-07      8.92500  2.97000e-08
      9.07500  1.02523e-07      9.07500  2.97000e-08
      9.22500  5.81664e-08      9.22500  2.97000e-08
      9.37500  3.22307e-08      9.37500  2.97000e-08
      9.52500  2.97000e-08      9.52500  2.97000e-08
      9.67500  2.97000e-08      9.67500  2.97000e-08
      9.82500  2.97000e-08      9.82500  2.97000e-08
      9.97500  2.97000e-08      9.97500  2.97000e-08
      10.1250  2.97000e-08      10.1250  2.97000e-08
# redshift=      5.00000
#          MF max                   MF min
      5.77500  0.000425078      5.77500  0.000211372
      5.92500  0.000486511      5.92500  0.000266218
      6.07500  0.000618672      6.07500  0.000363246
      6.22500  0.000802131      6.22500  0.000489657
      6.37500   0.00103252      6.37500  0.000646185
      6.52500   0.00127937      6.52500  0.000686962
      6.67500   0.00150522      6.67500  0.000662764
      6.82500   0.00184096      6.82500  0.000595501
      6.97500   0.00217037      6.97500  0.000488825
      7.12500   0.00231682      7.12500  0.000363733
      7.27500   0.00207808      7.27500  0.000246786
      7.42500   0.00147191      7.42500  0.000151857
      7.57500  0.000801448      7.57500  8.43090e-05
      7.72500  0.000362589      7.72500  4.20175e-05
      7.87500  0.000166776      7.87500  1.24089e-05
      8.02500  6.19755e-05      8.02500  3.23269e-06
      8.17500  1.87705e-05      8.17500  9.14852e-07
      8.32500  4.63043e-06      8.32500  3.25172e-07
      8.47500  9.84317e-07      8.47500  1.34463e-07
      8.62500  4.66730e-07      8.62500  3.76972e-08
      8.77500  2.70662e-07      8.77500  2.97000e-08
      8.92500  1.64038e-07      8.92500  2.97000e-08
      9.07500  9.74949e-08      9.07500  2.97000e-08
      9.22500  5.59805e-08      9.22500  2.97000e-08
      9.37500  3.12774e-08      9.37500  2.97000e-08
      9.52500  2.97000e-08      9.52500  2.97000e-08
      9.67500  2.97000e-08      9.67500  2.97000e-08
      9.82500  2.97000e-08      9.82500  2.97000e-08
      9.97500  2.97000e-08      9.97500  2.97000e-08
      10.1250  2.97000e-08      10.1250  2.97000e-08
