# BH_mass	phi_err_min	phi	phi_err_max
9.700773860705084 -6.554479418886215 -5.886198547215553 -5.33414043583544
9.401547721410148 -5.268765133172005 -4.8765133171913995 -4.5423728813560675
8.999140154772144 -4.1210653753028215 -3.895883777239715 -3.699757869249412
8.600171969045576 -3.394673123486884 -3.2493946731234846 -3.125907990314766
7.998280309544284 -2.79176755447965 -2.6755447941888564 -2.5665859564164597
7.575236457437664 -2.5230024213075035 -2.414043583535106 -2.326876513317189
7.279449699054173 -2.3849878934624575 -2.283292978208234 -2.1961259079903135
6.877042132416168 -2.232445520581112 -2.152542372881353 -2.0799031476997554
6.560619088564064 -2.1598062953995134 -2.0726392251815957 -2.007263922518158
6.237317282889087 -2.101694915254236 -2.021791767554478 -1.9636803874092026
6.01031814273431 -2.065375302663437 -2.000000 -1.94188861985472
