# BHmass	phi	phi_max		phi_min
9.745796930768034 -5.75837909941956 -5.494297765974064	-6.04362299159987
9.245658731207865 -4.947640392727095 -4.683595111340773	-5.2222849795104125
8.745544566353814 -4.147464939372455 -3.893982911323947	-4.422145578214941
8.23879682261185 -3.431831564779538 -3.2099671926261455	-3.6959128982250307
7.739307560116807 -2.906300698208209 -2.716162138127452	-3.1281290183024226
7.240274957037962 -2.5814716450554553 -2.4124595916503373 -2.771610205136214
6.741602874550849 -2.4150913919699994 -2.246079338564884 -2.573540192037299
6.236128970233017 -2.2593104442815384 -2.090298390876421 -2.4388857510244795

